# sty endy
1984	2021
## number of surveys
17
# years of surveys
1984
1987
1990
1993
1996
1999
2001
2003
2005
2007
2009
2011
2013
2015
2017
2019
2021
# survey estimates
45099.6
33603.1
58740.1
57760.4
66731.7
49636.4
68164.3
67054.6
59458
78360.9
80115.4
76049
62131.2
67664.6
99008.5
66710.4
46234.2
# survey stdev (or cvs) 
0.410665680400556
0.186620252855454
0.192116265030148
0.205833087404695
0.182746331306292
0.209928661776012
0.200114587708087
0.126911432980876
0.174762362581231
0.160455753986569
0.208019415285707
0.157842658856334
0.190620274243577
0.178964103410848
0.189152812464607
0.165387480648327
0.209001788734069
