#	Western GOA		Flathead Total biomass in western									
#	sty endyr
1984	2021											
#	Number of surveys
17											
#	years of surveys
1984
1987
1990
1993
1996
1999
2001
2003
2005
2007
2009
2011
2013
2015
2017
2019
2021
#	survey estimates
#45099.6	33603.1	58740.1	57871	66731.7	49636.4	68164.3	67054.6	59458	78360.9	80115.4	76049	62131.2	67664.6
45099.6
33603.1
58740.1
57760.4
66731.7
49636.4
68164.3
67054.6
59458
78360.9
80115.4
76049
62131.2
67664.6
99008.5
66710.4
46234.2
#	survey stdev (or cvs)
#0.41066568	0.186620253	0.192116265	0.204383772	0.182746331	0.209928662	0.200114588	0.126911433	0.174762363	0.160455754	0.208019415	0.157842659	0.190620274	0.178964103
0.41066568
0.186620253
0.192116265
0.205833087
0.182746331
0.209928662
0.200114588
0.126911433
0.174762363
0.160455754
0.208019415
0.157842659
0.190620274
0.178964103
0.189152812
0.165387481
0.2090018
