# sty endy 
 1984    2022 
            ## number of surveys 
 17 
            # years of surveys 
            
1984
1987
1990
1993
1996
1999
2001
2003
2005
2007
2009
2011
2013
2015
2017
2019
2021
# survey estimates
158538.5
113483.4
161256.5
113975.7
122730.3
139356
85429.8
170851.6
142043.2
177640.7
128910.3
128427.5
121062.8
126200.2
123087.3
94280.3
103879.8
# survey stdev (or cvs) 
0.142316021223332
0.131171613698788
0.158830005984877
0.1859897962225
0.110715171011719
0.146757634921202
0.142798734014153
0.104085610898144
0.0908852780980491
0.10722652916309
0.138225695157188
0.120413867172229
0.111665191468241
0.0856560334331185
0.141671294460203
0.130670871951563
0.147853689034212
# sty endy
1984
1987
1990
1993
1996
1999
2001
2003
2005
2007
2009
2011
2013
2015
2017
2019
2021
1984
1987
1990
1993
1996
1999
2001
2003
2005
2007
2009
2011
2013
2015
2017
2019
2021
## number of surveys
1
# years of surveys
1984
1987
1990
1993
1996
1999
2001
2003
2005
2007
2009
2011
2013
2015
2017
2019
2021
# survey estimates
158538.5
113483.4
161256.5
113975.7
122730.3
139356
85429.8
170851.6
142043.2
177640.7
128910.3
128427.5
121062.8
126200.2
123087.3
94280.3
103879.8
# survey stdev (or cvs) 
0.142316021223332
0.131171613698788
0.158830005984877
0.1859897962225
0.110715171011719
0.146757634921202
0.142798734014153
0.104085610898144
0.0908852780980491
0.10722652916309
0.138225695157188
0.120413867172229
0.111665191468241
0.0856560334331185
0.141671294460203
0.130670871951563
0.147853689034212
