#RECRUITMENT -Number of recruits by year (see multiplier above) 
405901 274219 330563 331390 347196 331921 314314 312777 226759 339469 255374 398770 259725 366936 325309 333007 323773 227532 209619 359380 347730 412366 256085 297748 330589 369597 327431 360545 272926 268912 290336 343202 606335 431887 354057 318449 332472 445106 589093 416785 224191 440116 238097 383528 383528 383528 
#SPAWNBIOMASS -Spawning biomass by year in metric tons 
58152 56139 54689 52949 52871 54263 57829 63602 70420 76619 81094 83755 85217 85644 85654 84662 83106 81640 80570 79460 79087 79321 80033 80283 80031 79250 78090 77198 76856 76812 77004 76961 76769 76595 77115 77818 77930 77983 78511 79580 81880 84798 87357 89578 91832 94045 #TOTALBIOMASS -Total biomass by year in metric tons (see age+ above) 
154817 157943 169320 183279 198340 211142 221673 230330 236995 241713 244458 244678 243673 241359 239935 237749 235967 235213 235191 234152 232590 230383 229225 228523 229059 229602 229702 230017 230783 231354 232171 231997 230664 228818 229284 233832 240099 246860 252872 257150 261993 268348 274390 278785 282400 
#TOTFSHRYMORT -Fishing mortality rate by year  
0.0049 0.0019 0.024 0.0128 0.0163 0.0124 0.0058 0.003 0.0013 0.0012 0.0038 0.0054 0.0104 0.0089 0.0168 0.0208 0.0189 0.0167 0.0239 0.0192 0.0136 0.007 0.012 0.0148 0.0167 0.0193 0.0192 0.0207 0.0256 0.0255 0.0279 0.0296 0.0317 0.0222 0.0174 0.0225 0.0204 0.0159 0.0192 0.016 0.0167 0.0194 0.0134 0.0048 0.0046 
#TOTALCATCH -Total catch by year in metric tons 
452 165 2068 1070 1368 1080 549 320 147 151 520 747 1447 1237 2315 2824 2525 2180 3074 2441 1731 897 1548 1912 2146 2459 2398 2552 3142 3130 3446 3663 3903 2732 2167 2819 2557 2001 2422 2050 2202 2668 1911 708 687 
1984 1987 1990 1993 1996 1999 2001 2003 2005 2007 2009 2011 2013 2015 2017 2019 2021 
249341 177546 243055 188579 205521 207590 153594 257294 213213 281402 225377 235639 201233 218548 236588 185840 180000 