# sty endy
1984	2021
## number of surveys
16
# years of surveys
1984
1987
1990
1993
1996
1999
2003
2005
2007
2009
2011
2013
2015
2017
2019
2021
# survey estimates
45702.6
30459.1
23058.7
16843.1
16059
18597.7
19388.2
11711.7
25400.3
16351.3
31162.4
18038.7
24683.6
14492.6
24849.4
29886.1
# survey stdev (or cvs) 
0.182157436418989
0.325696622896538
0.308381408296862
0.190322750358429
0.156444690240123
0.445736286773531
0.144780040395455
0.301530441832453
0.27790845819783
0.344765236406878
0.344622042655279
0.268941164287501
0.143942786273449
0.297756833633656
0.235107485832124
0.258078696499307
